2 0.380575 0.173856 0.112089 0.191021
2 0.598005 0.884243 0.061033 0.113556
2 0.307805 0.176937 0.164906 0.242958
2 0.278462 0.321743 0.123826 0.185739
2 0.282864 0.355634 0.099765 0.103873
2 0.267606 0.458187 0.149061 0.051937
2 0.239143 0.506602 0.203638 0.083627
2 0.299002 0.562940 0.060446 0.071303
2 0.356808 0.613116 0.095070 0.145246
2 0.516138 0.481074 0.100352 0.111796
2 0.372066 0.801056 0.085681 0.184859
2 0.507629 0.819542 0.051643 0.059859
2 0.837441 0.682218 0.160798 0.117958
2 0.864143 0.797535 0.169601 0.220070
2 0.845951 0.857835 0.182512 0.192782
