2 0.378872 0.477113 0.048594 0.084507
2 0.418721 0.411092 0.040493 0.205986
2 0.448944 0.362676 0.036385 0.130282
2 0.481221 0.350792 0.037559 0.111796
2 0.527876 0.343750 0.046362 0.122359
2 0.547535 0.404489 0.045775 0.176937
2 0.575704 0.439261 0.052817 0.125000
2 0.608568 0.521127 0.064554 0.147887
2 0.651702 0.469190 0.044014 0.084507
2 0.663146 0.523327 0.056338 0.055458
2 0.560153 0.577905 0.046362 0.081866
2 0.526995 0.536532 0.035211 0.122359
2 0.512031 0.475792 0.028756 0.147007
2 0.487676 0.503961 0.034038 0.081866
2 0.479460 0.439261 0.053991 0.137324
2 0.472124 0.544454 0.092136 0.147007
2 0.468016 0.591989 0.103873 0.108275
2 0.400528 0.569102 0.046362 0.073063
2 0.485329 0.663292 0.169014 0.090669
2 0.560153 0.660651 0.088615 0.127641
2 0.604754 0.665053 0.085094 0.080106
